phi	TadV	TadVdiss	TadP	TadPdiss
0.25	1077.973274	0.000000	1304.006255	0.000000
0.26	1103.466965	0.000000	1336.086009	0.000000
0.27	1128.627046	0.000000	1367.643808	0.000000
0.28	1153.466540	0.000000	1398.749779	0.000000
0.29	1177.988452	0.000000	1429.411937	0.000000
0.30	1202.189777	0.000000	1459.637295	0.000000
0.31	1226.105579	0.000000	1489.462920	0.000000
0.32	1249.710812	0.000000	1518.866774	0.000000
0.33	1273.041543	0.000000	1547.882917	0.000000
0.34	1296.099774	0.000000	1576.489310	0.000000
0.35	1318.862464	0.000000	1604.748066	0.000000
0.36	1341.362674	0.000000	1632.634140	0.000000
0.37	1363.603408	0.000000	1660.181593	0.000000
0.38	1385.588674	0.000000	1687.394434	0.000000
0.39	1407.350531	0.000000	1714.247616	0.000000
0.40	1428.833878	0.000000	1740.800247	0.000000
0.41	1450.099827	0.000000	1766.999231	0.000000
0.42	1471.122329	0.000000	1792.904677	0.000000
0.43	1491.932443	0.000000	1818.517587	0.000000
0.44	1512.504121	0.000000	1843.813917	0.000000
0.45	1532.868418	0.000000	1868.821719	0.000000
0.46	1553.026337	0.000000	1893.545000	0.000000
0.47	1572.952833	0.000000	1917.984762	0.000000
0.48	1592.683971	0.000000	1942.170058	0.000000
0.49	1612.229769	0.000000	1966.074839	0.000000
0.50	1631.555164	0.000000	1989.700109	0.000000
0.51	1650.684199	0.000000	2013.073919	0.000000
0.52	1669.645927	0.000000	2036.206286	0.000000
0.53	1688.384247	0.000000	2059.065152	0.000000
0.54	1706.987318	0.000000	2081.707622	0.000000
0.55	1725.369986	0.000000	2104.106646	0.000000
0.56	1743.591359	0.000000	2126.264228	0.000000
0.57	1761.622383	0.000000	2148.182371	0.000000
0.58	1779.493113	0.000000	2169.887123	0.000000
0.59	1797.204552	0.000000	2191.381490	0.000000
0.60	1814.728647	0.000000	2212.638423	0.000000
0.61	1832.095455	0.000000	2233.685971	0.000000
0.62	1849.305976	0.000000	2254.525139	0.000000
0.63	1866.358207	0.000000	2275.156926	0.000000
0.64	1883.229107	0.000000	2295.582335	0.000000
0.65	1899.972773	0.000000	2315.801367	0.000000
0.66	1916.561155	0.000000	2335.842071	0.000000
0.67	1932.996256	0.000000	2355.650350	0.000000
0.68	1949.277074	0.000000	2375.309356	0.000000
0.69	1965.406615	0.000000	2394.764989	0.000000
0.70	1981.409926	0.000000	2414.017250	0.000000
0.71	1997.262961	0.000000	2433.094189	0.000000
0.72	2012.973735	0.000000	2452.011837	0.000000
0.73	2028.554271	0.000000	2470.738135	0.000000
0.74	2044.003567	0.000000	2489.286105	0.000000
0.75	2059.314609	0.000000	2507.660759	0.000000
0.76	2074.488400	0.000000	2525.891148	0.000000
0.77	2089.544976	0.000000	2543.931188	0.000000
0.78	2104.466305	0.000000	2561.812939	0.000000
0.79	2119.259398	0.000000	2579.526381	0.000000
0.80	2133.922253	0.000000	2597.087545	0.000000
0.81	2148.485927	0.000000	2614.491420	0.000000
0.82	2162.902331	0.000000	2631.723982	0.000000
0.83	2177.208533	0.000000	2648.812279	0.000000
0.84	2191.409542	0.000000	2665.758316	0.000000
0.85	2205.472298	0.000000	2682.562092	0.000000
0.86	2219.444889	0.000000	2699.195556	0.000000
0.87	2233.282232	0.000000	2715.714812	0.000000
0.88	2247.012379	0.000000	2732.063755	0.000000
0.89	2260.642342	0.000000	2748.273443	0.000000
0.90	2274.167113	0.000000	2764.364915	0.000000
0.91	2287.561645	0.000000	2780.301102	0.000000
0.92	2300.860001	0.000000	2796.101040	0.000000
0.93	2314.071198	0.000000	2811.787770	0.000000
0.94	2327.161172	0.000000	2827.327231	0.000000
0.95	2340.149961	0.000000	2842.742464	0.000000
0.96	2353.037565	0.000000	2858.018442	0.000000
0.97	2365.823983	0.000000	2873.176203	0.000000
0.98	2378.516229	0.000000	2888.203727	0.000000
0.99	2391.102281	0.000000	2903.113033	0.000000
1.00	2403.605180	2403.605517	2917.899114	2917.886227
1.01	2399.544743	2394.061033	2912.148582	2907.143711
1.02	2395.504343	2384.573065	2906.423095	2896.364789
1.03	2391.476967	2375.200153	2900.731672	2885.657880
1.04	2387.477642	2365.823713	2895.050266	2874.968107
1.05	2383.476314	2356.472448	2889.395910	2864.651805
1.06	2379.503037	2346.955122	2883.777620	2854.115608
1.07	2375.528758	2337.653315	2878.171352	2843.121525
1.08	2371.581528	2328.390151	2872.585121	2832.583487
1.09	2367.633297	2319.175758	2867.034956	2822.075026
1.10	2363.713117	2310.355014	2861.511840	2811.955277
1.11	2359.794941	2300.834589	2855.995737	2801.170849
1.12	2355.896802	2292.180974	2850.516702	2791.191873
1.13	2352.029719	2283.158066	2845.045682	2780.886534
1.14	2348.157627	2273.650529	2839.600710	2770.098690
1.15	2344.293550	2264.130788	2834.181785	2759.811104
1.16	2340.451514	2255.158599	2828.789910	2749.573787
1.17	2336.634523	2247.480065	2823.420075	2739.367429
1.18	2332.820537	2238.670282	2818.059256	2729.186473
1.19	2329.007554	2229.155689	2812.723484	2719.761299
1.20	2325.218614	2220.381727	2807.429788	2709.711131
1.21	2321.456724	2211.646413	2802.137095	2699.685082
1.22	2317.687822	2202.937734	2796.859429	2688.895502
1.23	2313.933946	2193.449739	2791.626845	2678.919869
1.24	2310.198104	2185.672031	2786.392258	2668.149809
1.25	2306.480295	2177.091093	2781.191733	2659.095777
1.26	2302.775510	2169.527957	2776.010243	2649.393612
1.27	2299.071726	2160.054468	2770.849792	2640.428688
1.28	2295.389983	2150.564952	2765.721399	2630.674296
1.29	2291.708240	2142.103476	2760.593006	2618.847636
1.30	2288.051543	2133.701841	2755.491663	2610.188367
1.31	2284.416886	2127.568117	2750.416368	2600.519463
1.32	2280.777220	2118.106596	2745.367120	2590.903008
1.33	2277.162599	2109.835317	2740.317872	2580.133221
1.34	2273.545975	2101.607468	2735.294672	2571.744584
1.35	2269.947385	2092.175760	2730.298522	2563.512164
1.36	2266.356808	2083.978950	2725.329421	2552.748165
1.37	2262.785267	2075.831541	2720.359318	2542.021103
1.38	2259.230757	2069.012667	2715.415263	2532.580932
1.39	2255.681256	2060.949764	2710.498257	2523.187113
1.40	2252.144779	2051.566923	2705.601289	2515.195393
1.41	2248.614313	2044.919961	2700.717344	2507.332300
1.42	2245.112900	2036.956274	2695.853435	2496.627718
1.43	2241.607480	2027.620503	2691.011567	2487.394231
1.44	2238.120093	2018.296827	2686.177714	2476.738010
1.45	2234.632705	2011.823955	2681.365901	2469.030040
1.46	2231.172368	2005.432573	2676.581138	2458.396109
1.47	2227.710027	1997.634221	2671.806393	2449.284989
1.48	2224.266720	1988.364318	2667.063707	2441.740116
1.49	2220.843450	1980.603300	2662.324026	2432.711862
1.50	2217.413168	1971.386291	2657.599373	2425.322048
1.51	2214.010936	1965.183373	2652.900767	2413.140718
1.52	2210.608705	1959.084160	2648.214184	2404.187224
1.53	2207.218496	1949.890017	2643.561662	2395.257293
1.54	2203.845318	1942.280845	2638.908139	2386.381295
1.55	2200.482158	1934.696664	2634.281666	2377.501661
1.56	2197.117997	1928.755520	2629.682242	2370.331873
1.57	2193.780885	1919.631421	2625.081816	2361.546698
1.58	2190.443773	1910.530641	2620.508440	2352.769785
1.59	2187.133711	1904.665753	2615.935064	2341.572966
1.60	2183.820643	1897.216482	2611.409776	2333.646173
1.61	2180.512584	1889.799565	2606.868459	2324.944655
1.62	2177.228569	1882.417914	2602.372224	2316.295690
1.63	2173.944555	1875.049086	2597.877992	2309.373941
1.64	2170.677571	1867.704170	2593.407805	2299.045851
1.65	2167.420606	1857.148586	2588.941625	2292.201368
1.66	2164.172657	1853.115227	2584.500491	2283.653179
1.67	2160.935729	1845.839844	2580.065368	2273.396648
1.68	2157.710822	1838.600369	2575.670319	2263.200987
1.69	2154.482910	1829.740531	2571.268256	2254.752264
1.70	2151.276037	1822.530565	2566.893244	2249.709215
1.71	2148.084191	1817.030564	2562.530253	2241.278777
1.72	2144.894349	1809.871797	2558.179284	2231.124808
1.73	2141.716529	1802.757353	2553.857368	2222.750553
1.74	2138.558745	1793.984000	2549.533449	2212.694099
1.75	2135.392947	1786.909148	2545.240587	2206.051321
1.76	2132.248187	1781.518227	2540.957742	2196.042563
1.77	2129.112444	1774.485804	2536.679908	2189.414308
1.78	2125.987721	1765.789358	2532.438139	2181.197488
1.79	2122.862998	1758.805546	2528.188355	2172.951175
1.80	2119.766327	1751.835256	2523.968627	2166.463802
1.81	2116.667651	1746.551034	2519.757915	2156.524035
1.82	2113.569978	1737.952242	2515.578260	2146.662770
1.83	2110.499354	1731.042400	2511.400608	2138.511003
1.84	2107.427728	1724.157107	2507.223959	2130.378446
1.85	2104.357105	1717.289431	2503.072355	2123.942097
1.86	2101.311527	1710.434604	2498.948803	2115.838048
1.87	2098.266950	1705.263402	2494.824249	2107.759802
1.88	2095.242411	1696.791471	2490.726744	2099.705482
1.89	2092.218873	1689.997552	2486.629239	2088.559394
1.90	2089.211365	1681.621867	2482.557782	2082.001840
1.91	2086.193838	1676.470181	2478.491335	2074.004814
1.92	2083.203361	1669.748433	2474.441918	2067.686933
1.93	2080.210881	1663.029630	2470.421555	2059.730550
1.94	2077.247453	1657.975334	2466.403195	2050.135379
1.95	2074.274007	1648.051827	2462.386839	2043.865031
1.96	2071.317592	1642.995511	2458.395529	2035.956473
1.97	2068.359174	1636.354076	2454.427261	2026.443960
1.98	2065.418789	1629.719643	2450.465004	2017.019087
1.99	2062.492429	1621.526053	2446.499742	2010.739948
2.00	2059.564066	1614.942936	2442.562531	2004.514694
2.01	2056.652734	1610.301605	2438.648362	1996.706395
2.02	2053.740400	1605.003360	2434.736197	1987.307519
2.03	2050.849104	1595.296626	2430.844068	1979.540927
2.04	2047.952800	1588.774267	2426.963962	1970.250547
2.05	2045.078535	1582.269467	2423.077844	1964.041530
2.06	2042.200264	1577.106421	2419.218776	1957.886484
2.07	2039.342029	1569.302967	2415.385756	1948.608371
2.08	2036.483794	1564.392439	2411.552736	1940.915248
2.09	2033.635577	1557.943207	2407.720718	1933.245162
2.10	2030.793372	1549.998107	2403.923764	1927.111400
2.11	2027.963188	1543.583650	2400.133822	1916.449938
2.12	2025.152040	1537.188312	2396.353899	1908.827291
2.13	2022.329871	1530.807357	2392.580989	1902.682491
2.14	2019.523731	1524.550330	2388.820101	1895.082136
2.15	2016.734623	1518.093304	2385.093275	1887.507375
2.16	2013.935497	1512.139386	2381.359437	1879.929708
2.17	2011.157408	1505.450396	2377.638622	1872.376055
2.18	2008.387335	1499.138958	2373.938846	1864.847181
2.19	2005.627280	1491.434737	2370.238068	1855.890234
2.20	2002.875240	1485.153657	2366.564339	1849.809651
