phi	TadV	TadVdiss	TadP	TadPdiss
0.25	1048.985182	0.000000	1268.927007	0.000000
0.26	1073.536147	0.000000	1299.878695	0.000000
0.27	1097.781553	0.000000	1330.367536	0.000000
0.28	1121.665296	0.000000	1360.375496	0.000000
0.29	1145.278544	0.000000	1389.967694	0.000000
0.30	1168.554173	0.000000	1419.124094	0.000000
0.31	1191.569326	0.000000	1447.851709	0.000000
0.32	1214.275913	0.000000	1476.213654	0.000000
0.33	1236.706996	0.000000	1504.159838	0.000000
0.34	1258.868585	0.000000	1531.752374	0.000000
0.35	1280.763686	0.000000	1558.968220	0.000000
0.36	1302.393301	0.000000	1585.811383	0.000000
0.37	1323.770453	0.000000	1612.342976	0.000000
0.38	1344.888130	0.000000	1638.511905	0.000000
0.39	1365.783400	0.000000	1664.376276	0.000000
0.40	1386.429213	0.000000	1689.883993	0.000000
0.41	1406.829577	0.000000	1715.122217	0.000000
0.42	1427.013544	0.000000	1740.038852	0.000000
0.43	1446.986124	0.000000	1764.634900	0.000000
0.44	1466.741306	0.000000	1788.969469	0.000000
0.45	1486.274080	0.000000	1813.016512	0.000000
0.46	1505.593464	0.000000	1836.749980	0.000000
0.47	1524.709475	0.000000	1860.232989	0.000000
0.48	1543.627123	0.000000	1883.453518	0.000000
0.49	1562.365442	0.000000	1906.397540	0.000000
0.50	1580.880352	0.000000	1929.091103	0.000000
0.51	1599.225952	0.000000	1951.534208	0.000000
0.52	1617.376195	0.000000	1973.729860	0.000000
0.53	1635.355123	0.000000	1995.678058	0.000000
0.54	1653.139696	0.000000	2017.379805	0.000000
0.55	1670.749949	0.000000	2038.843115	0.000000
0.56	1688.186885	0.000000	2060.091031	0.000000
0.57	1705.461524	0.000000	2081.125556	0.000000
0.58	1722.575869	0.000000	2101.920642	0.000000
0.59	1739.502871	0.000000	2122.504341	0.000000
0.60	1756.271583	0.000000	2142.876653	0.000000
0.61	1772.893025	0.000000	2163.040584	0.000000
0.62	1789.363190	0.000000	2182.996133	0.000000
0.63	1805.660038	0.000000	2202.743300	0.000000
0.64	1821.800600	0.000000	2222.283087	0.000000
0.65	1837.799903	0.000000	2241.643546	0.000000
0.66	1853.647928	0.000000	2260.826680	0.000000
0.67	1869.353694	0.000000	2279.776386	0.000000
0.68	1884.907180	0.000000	2298.577821	0.000000
0.69	1900.335437	0.000000	2317.173880	0.000000
0.70	1915.611415	0.000000	2335.600629	0.000000
0.71	1930.764168	0.000000	2353.845044	0.000000
0.72	1945.765643	0.000000	2371.917143	0.000000
0.73	1960.643893	0.000000	2389.830952	0.000000
0.74	1975.371867	0.000000	2407.555415	0.000000
0.75	1989.987636	0.000000	2425.103554	0.000000
0.76	2004.467155	0.000000	2442.505426	0.000000
0.77	2018.824451	0.000000	2459.737988	0.000000
0.78	2033.069541	0.000000	2476.819272	0.000000
0.79	2047.167361	0.000000	2493.732249	0.000000
0.80	2061.172011	0.000000	2510.499959	0.000000
0.81	2075.033398	0.000000	2527.113386	0.000000
0.82	2088.797607	0.000000	2543.576539	0.000000
0.83	2102.437589	0.000000	2559.885409	0.000000
0.84	2115.962360	0.000000	2576.052018	0.000000
0.85	2129.363905	0.000000	2592.072359	0.000000
0.86	2142.676286	0.000000	2607.933409	0.000000
0.87	2155.860433	0.000000	2623.674238	0.000000
0.88	2168.948404	0.000000	2639.286833	0.000000
0.89	2181.920162	0.000000	2654.743141	0.000000
0.90	2194.801755	0.000000	2670.055186	0.000000
0.91	2207.567135	0.000000	2685.253021	0.000000
0.92	2220.216302	0.000000	2700.317611	0.000000
0.93	2232.777307	0.000000	2715.252966	0.000000
0.94	2245.250151	0.000000	2730.054074	0.000000
0.95	2257.607785	0.000000	2744.742977	0.000000
0.96	2269.872247	0.000000	2759.290621	0.000000
0.97	2282.031517	0.000000	2773.725058	0.000000
0.98	2294.098618	0.000000	2788.046287	0.000000
0.99	2306.077557	0.000000	2802.228262	0.000000
1.00	2317.970339	2317.970904	2816.297029	2816.297742
1.01	2313.694508	2307.817723	2809.941388	2804.749007
1.02	2309.454743	2297.807631	2803.610794	2793.307896
1.03	2305.214978	2287.795247	2797.293223	2781.890096
1.04	2300.995249	2277.660077	2791.029752	2770.334294
1.05	2296.792552	2267.504641	2784.792328	2758.954796
1.06	2292.613899	2257.552040	2778.580951	2747.598536
1.07	2288.457286	2248.215711	2772.395623	2736.299513
1.08	2284.312695	2238.424499	2766.237344	2725.031234
1.09	2280.172111	2228.315769	2760.127153	2714.184336
1.10	2276.064588	2218.590838	2754.025979	2703.054488
1.11	2271.963076	2208.896087	2747.972893	2691.505495
1.12	2267.868577	2199.268528	2741.946856	2680.415085
1.13	2263.799124	2189.413557	2735.933843	2668.859609
1.14	2259.753715	2180.126397	2729.951887	2658.382968
1.15	2255.715318	2170.632960	2724.008001	2648.051083
1.16	2251.696959	2161.186102	2718.105190	2637.193879
1.17	2247.699638	2151.057244	2712.210393	2625.653473
1.18	2243.708328	2141.660716	2706.341645	2614.818345
1.19	2239.744067	2132.314087	2700.500947	2604.046154
1.20	2235.778805	2123.831785	2694.712345	2593.315584
1.21	2231.840592	2114.614067	2688.922742	2581.774758
1.22	2227.902379	2105.435469	2683.182228	2571.990878
1.23	2223.991215	2096.301135	2677.450731	2562.366426
1.24	2220.106100	2086.210075	2671.742275	2550.831753
1.25	2216.220984	2077.126003	2666.084914	2539.293017
1.26	2212.362918	2069.152834	2660.428554	2528.788640
1.27	2208.503850	2060.173968	2654.825292	2519.427162
1.28	2204.663817	2050.127870	2649.221028	2509.514776
1.29	2200.840815	2042.374519	2643.669861	2498.703204
1.30	2197.034845	2032.347808	2638.118694	2488.409705
1.31	2193.229876	2022.310621	2632.594576	2476.929516
1.32	2189.450955	2014.713870	2627.121552	2467.947722
1.33	2185.699083	2007.267130	2621.651534	2456.468056
1.34	2181.945208	1998.570440	2616.206561	2446.307598
1.35	2178.195340	1988.587408	2610.787637	2437.554598
1.36	2174.477531	1979.963710	2605.395761	2428.935210
1.37	2170.770742	1970.122058	2600.029934	2417.493995
1.38	2167.071967	1962.816047	2594.690154	2406.076968
1.39	2163.399241	1954.292422	2589.377424	2396.107472
1.40	2159.727516	1945.821677	2584.071706	2386.189551
1.41	2156.063806	1937.374438	2578.805060	2376.571950
1.42	2152.432154	1930.457603	2573.555445	2368.017384
1.43	2148.791487	1920.580751	2568.337889	2358.228531
1.44	2145.179872	1910.726052	2563.130352	2348.490829
1.45	2141.578275	1903.939585	2557.949864	2337.159328
1.46	2137.985696	1895.668876	2552.795423	2327.469919
1.47	2134.420165	1887.423171	2547.668032	2317.805229
1.48	2130.854635	1879.227563	2542.563684	2309.840708
1.49	2127.304132	1871.046630	2537.465346	2298.576749
1.50	2123.775670	1859.720599	2532.407082	2290.718332
1.51	2120.238191	1854.795926	2527.369856	2279.502471
1.52	2116.723754	1846.724092	2522.347658	2268.318175
1.53	2113.237369	1838.657992	2517.350506	2258.846043
1.54	2109.751985	1828.982640	2512.356359	2251.112785
1.55	2106.265600	1820.987799	2507.414307	2243.487918
1.56	2102.806264	1814.700326	2502.472256	2232.364494
1.57	2099.367967	1805.069607	2497.556252	2223.026182
1.58	2095.921655	1797.175574	2492.666296	2212.286962
1.59	2092.508404	1789.278874	2487.800384	2204.452652
1.60	2089.086136	1783.148619	2482.940483	2193.447563
1.61	2085.695926	1775.328970	2478.104626	2185.991015
1.62	2082.297703	1765.809225	2473.293815	2176.813723
1.63	2078.924525	1758.040288	2468.511056	2169.472903
1.64	2075.556356	1750.298712	2463.744325	2158.512161
1.65	2072.204216	1744.331675	2458.996630	2147.613088
1.66	2068.868106	1734.878518	2454.266968	2138.537997
1.67	2065.532998	1727.220545	2449.562351	2130.132705
1.68	2062.225941	1719.583831	2444.858736	2122.260475
1.69	2058.906862	1711.969231	2440.194193	2113.265666
1.70	2055.614833	1706.167667	2435.539668	2104.300596
1.71	2052.325809	1696.812597	2430.905180	2093.532115
1.72	2049.052814	1689.270191	2426.307760	2084.613793
1.73	2045.795849	1680.001924	2421.709338	2075.702004
1.74	2042.545897	1674.262540	2417.137965	2068.657558
1.75	2039.310972	1666.812700	2412.565591	2059.815467
1.76	2036.080055	1659.359849	2408.043308	2049.163699
1.77	2032.858154	1650.173199	2403.530042	2042.200753
1.78	2029.655288	1643.983463	2399.010765	2031.591572
1.79	2026.462440	1637.177384	2394.545587	2021.047145
1.80	2023.269592	1629.822838	2390.080409	2014.102506
1.81	2020.102792	1620.708099	2385.632262	2007.239264
1.82	2016.935992	1613.396699	2381.202149	1998.569199
1.83	2013.791232	1609.745466	2376.789066	1988.059326
1.84	2010.651482	1598.855840	2372.404035	1979.406836
1.85	2007.516741	1591.623120	2368.017000	1970.122834
1.86	2004.392018	1584.386024	2363.667033	1962.204179
1.87	2001.287331	1577.201700	2359.325081	1953.624098
1.88	1998.180641	1570.013868	2355.006171	1945.069448
1.89	1995.093988	1564.656366	2350.706295	1936.538300
1.90	1992.008337	1557.520154	2346.406420	1929.871600
1.91	1988.948733	1548.606734	2342.141609	1917.761526
1.92	1985.889129	1541.512800	2337.889822	1909.273858
1.93	1982.829526	1534.442025	2333.646049	1902.614581
1.94	1979.796972	1527.378459	2329.419308	1894.186260
1.95	1976.763416	1522.150495	2325.218614	1885.774277
1.96	1973.757911	1513.335172	2321.041965	1877.383669
1.97	1970.743390	1506.339156	2316.872328	1869.005860
1.98	1967.744898	1499.366020	2312.706699	1857.176568
1.99	1964.751415	1490.640177	2308.575132	1852.308266
2.00	1961.765948	1483.704683	2304.445568	1844.003044
2.01	1958.805526	1480.327672	2300.336042	1835.712272
2.02	1955.834083	1473.423598	2296.241543	1825.645732
2.03	1952.887687	1464.740408	2292.174093	1819.163007
2.04	1949.946300	1456.123071	2288.106643	1810.911343
2.05	1947.019940	1449.283638	2284.065242	1802.692909
2.06	1944.093580	1442.458348	2280.025843	1792.730839
2.07	1941.167221	1437.380421	2276.010489	1784.529402
2.08	1938.266909	1430.594897	2272.022185	1778.114248
2.09	1935.372608	1423.806795	2268.033880	1768.209514
2.10	1932.493335	1415.306812	2264.072625	1760.073144
2.11	1929.618068	1408.565719	2260.111370	1751.961437
2.12	1926.746810	1401.838659	2256.176162	1745.595736
2.13	1923.879558	1396.866132	2252.253979	1735.778311
2.14	1921.027334	1388.430634	2248.333799	1727.708090
2.15	1918.195147	1383.491865	2244.451689	1719.640577
2.16	1915.360956	1376.824033	2240.570581	1712.904665
2.17	1912.540791	1366.771758	2236.704500	1705.320124
2.18	1909.720626	1360.142687	2232.860460	1695.586248
2.19	1906.925507	1356.929840	2229.004397	1687.592124
2.20	1904.122373	1350.333995	2225.194419	1678.162251
