phi	TadV	TadVdiss	TadP	TadPdiss
0.25	1063.165152	0.000000	1285.810930	0.000000
0.26	1087.991622	0.000000	1317.051147	0.000000
0.27	1112.452422	0.000000	1347.772413	0.000000
0.28	1136.612672	0.000000	1378.042854	0.000000
0.29	1160.418272	0.000000	1407.842432	0.000000
0.30	1183.935344	0.000000	1437.178160	0.000000
0.31	1207.126819	0.000000	1466.115159	0.000000
0.32	1230.005722	0.000000	1494.631387	0.000000
0.33	1252.627154	0.000000	1522.733856	0.000000
0.34	1274.920985	0.000000	1550.426576	0.000000
0.35	1296.978383	0.000000	1577.772660	0.000000
0.36	1318.716196	0.000000	1604.719013	0.000000
0.37	1340.225591	0.000000	1631.327747	0.000000
0.38	1361.451466	0.000000	1657.573817	0.000000
0.39	1382.442912	0.000000	1683.490283	0.000000
0.40	1403.180894	0.000000	1709.050096	0.000000
0.41	1423.662406	0.000000	1734.314368	0.000000
0.42	1443.929526	0.000000	1759.227998	0.000000
0.43	1463.927151	0.000000	1783.852097	0.000000
0.44	1483.729419	0.000000	1808.158614	0.000000
0.45	1503.299262	0.000000	1832.151558	0.000000
0.46	1522.647699	0.000000	1855.888031	0.000000
0.47	1541.793765	0.000000	1879.313936	0.000000
0.48	1560.709409	0.000000	1902.458325	0.000000
0.49	1579.425688	0.000000	1925.352256	0.000000
0.50	1597.944606	0.000000	1947.939625	0.000000
0.51	1616.267164	0.000000	1970.306590	0.000000
0.52	1634.395365	0.000000	1992.368997	0.000000
0.53	1652.329211	0.000000	2014.213005	0.000000
0.54	1670.070705	0.000000	2035.789522	0.000000
0.55	1687.648900	0.000000	2057.151647	0.000000
0.56	1705.037748	0.000000	2078.244279	0.000000
0.57	1722.237249	0.000000	2099.124521	0.000000
0.58	1739.277458	0.000000	2119.766327	0.000000
0.59	1756.130324	0.000000	2140.168694	0.000000
0.60	1772.817888	0.000000	2160.362679	0.000000
0.61	1789.335139	0.000000	2180.347281	0.000000
0.62	1805.688090	0.000000	2200.123502	0.000000
0.63	1821.884754	0.000000	2219.665293	0.000000
0.64	1837.927136	0.000000	2239.028757	0.000000
0.65	1853.805217	0.000000	2258.157792	0.000000
0.66	1869.522002	0.000000	2277.109502	0.000000
0.67	1885.102538	0.000000	2295.856838	0.000000
0.68	1900.530795	0.000000	2314.427851	0.000000
0.69	1915.807775	0.000000	2332.795491	0.000000
0.70	1930.938487	0.000000	2350.959759	0.000000
0.71	1945.932949	0.000000	2368.976758	0.000000
0.72	1960.783148	0.000000	2386.792387	0.000000
0.73	1975.507115	0.000000	2404.433697	0.000000
0.74	1990.087819	0.000000	2421.892674	0.000000
0.75	2004.515243	0.000000	2439.187349	0.000000
0.76	2018.824451	0.000000	2456.313716	0.000000
0.77	2033.014440	0.000000	2473.266766	0.000000
0.78	2047.056157	0.000000	2490.044494	0.000000
0.79	2060.985669	0.000000	2506.676957	0.000000
0.80	2074.785945	0.000000	2523.150128	0.000000
0.81	2088.464998	0.000000	2539.456994	0.000000
0.82	2102.030844	0.000000	2555.631618	0.000000
0.83	2115.467453	0.000000	2571.635930	0.000000
0.84	2128.780837	0.000000	2587.495978	0.000000
0.85	2141.993035	0.000000	2603.189721	0.000000
0.86	2155.088019	0.000000	2618.766249	0.000000
0.87	2168.065788	0.000000	2634.173468	0.000000
0.88	2180.926342	0.000000	2649.452451	0.000000
0.89	2193.670683	0.000000	2664.589175	0.000000
0.90	2206.326863	0.000000	2679.594657	0.000000
0.91	2218.866830	0.000000	2694.449865	0.000000
0.92	2231.290584	0.000000	2709.179843	0.000000
0.93	2243.626177	0.000000	2723.781586	0.000000
0.94	2255.846559	0.000000	2738.249083	0.000000
0.95	2267.978779	0.000000	2752.587344	0.000000
0.96	2279.996790	0.000000	2766.788353	0.000000
0.97	2291.926640	0.000000	2780.886173	0.000000
0.98	2303.742280	0.000000	2794.840731	0.000000
0.99	2315.471763	0.000000	2808.680078	0.000000
1.00	2327.113084	2327.113108	2822.401209	2822.401421
1.01	2321.924581	2317.503687	2815.294192	2811.444688
1.02	2316.735077	2307.945499	2808.235264	2800.448673
1.03	2311.571620	2298.436563	2801.198375	2789.701535
1.04	2306.442225	2289.194308	2794.201561	2778.906452
1.05	2301.324853	2279.584564	2787.232797	2767.919140
1.06	2296.241543	2269.959797	2780.290082	2757.200528
1.07	2291.157231	2260.633609	2773.380427	2746.535008
1.08	2286.111990	2251.763007	2766.508841	2735.897315
1.09	2281.079774	2243.048277	2759.670316	2725.336384
1.10	2276.064588	2233.472327	2752.861847	2715.334566
1.11	2271.087473	2224.422875	2746.100463	2704.929202
1.12	2266.108353	2214.841602	2739.343087	2693.977581
1.13	2261.157285	2206.465032	2732.633799	2683.649622
1.14	2256.231263	2197.567020	2725.953564	2673.352365
1.15	2251.319267	2188.734086	2719.300379	2663.120672
1.16	2246.434320	2179.933587	2712.686265	2652.947988
1.17	2241.561395	2171.184883	2706.097197	2643.643276
1.18	2236.715520	2163.355530	2699.549204	2633.628145
1.19	2231.868643	2152.985717	2693.000210	2621.842871
1.20	2227.063843	2144.342229	2686.503310	2612.772113
1.21	2222.265054	2135.774222	2680.033461	2602.854298
1.22	2217.488305	2129.200700	2673.590661	2592.985130
1.23	2212.729590	2119.765976	2667.178918	2582.129859
1.24	2207.998925	2111.357089	2660.809252	2573.407588
1.25	2203.271267	2103.000206	2654.443593	2564.820673
1.26	2198.579674	2094.684383	2648.132033	2555.186979
1.27	2193.891087	2085.279984	2641.820473	2543.247631
1.28	2189.230551	2077.025774	2635.561009	2533.646256
1.29	2184.581035	2069.987928	2629.310561	2524.082540
1.30	2179.955564	2061.837964	2623.094176	2515.823067
1.31	2175.346122	2052.511253	2616.914859	2507.687739
1.32	2170.742690	2045.668412	2610.760587	2496.982090
1.33	2166.169314	2037.649039	2604.621343	2487.639575
1.34	2161.604954	2028.372335	2598.504139	2476.983524
1.35	2157.075659	2019.102135	2592.429013	2469.057362
1.36	2152.546364	2012.463224	2586.380935	2458.449580
1.37	2148.044118	2005.932058	2580.357904	2449.258818
1.38	2143.554896	1998.097211	2574.361923	2441.493088
1.39	2139.085710	1988.906145	2568.372954	2432.382419
1.40	2134.624540	1981.130432	2562.427064	2424.800140
1.41	2130.190418	1971.998171	2556.504216	2412.839837
1.42	2125.767318	1965.664758	2550.613427	2403.831390
1.43	2121.365255	1959.418401	2544.745680	2394.847038
1.44	2116.972209	1950.336735	2538.883944	2385.951356
1.45	2112.601204	1942.726838	2533.072300	2377.029817
1.46	2108.240216	1935.154528	2527.261658	2369.677237
1.47	2103.902272	1929.090634	2521.501107	2360.861403
1.48	2099.567332	1920.103957	2515.741559	2352.081065
1.49	2095.275471	1911.144280	2510.016073	2341.572966
1.50	2090.972591	1905.168000	2504.323647	2333.065339
1.51	2086.692752	1897.737563	2498.648252	2324.368003
1.52	2082.432950	1890.358554	2492.994898	2315.711245
1.53	2078.189178	1882.988575	2487.366590	2307.083759
1.54	2073.960433	1875.653187	2481.753309	2298.492639
1.55	2069.740704	1868.354827	2476.164072	2291.500782
1.56	2065.552033	1858.072942	2470.615911	2281.386119
1.57	2061.366367	1853.843241	2465.066747	2272.874487
1.58	2057.185710	1846.615482	2459.553650	2262.862068
1.59	2053.036110	1839.437726	2454.068604	2254.751837
1.60	2048.887511	1830.721318	2448.601591	2249.158593
1.61	2044.772976	1823.573240	2443.140589	2240.762851
1.62	2040.667456	1818.029077	2437.718659	2230.794471
1.63	2036.566946	1810.941104	2432.322777	2222.475568
1.64	2032.486473	1803.889809	2426.936912	2212.610906
1.65	2028.418021	1795.289922	2421.573088	2205.892808
1.66	2024.366601	1788.276495	2416.234310	2196.070119
1.67	2020.324198	1782.877639	2410.923584	2189.414278
1.68	2016.296821	1775.920330	2405.625881	2181.230345
1.69	2012.296495	1767.398262	2400.352222	2173.061054
1.70	2008.295166	1760.495860	2395.093591	2166.570980
1.71	2004.320887	1753.621719	2389.861007	2156.808548
1.72	2000.345607	1748.094129	2384.654472	2147.132389
1.73	1996.401383	1739.925750	2379.465969	2139.062999
1.74	1992.453151	1733.107796	2374.295499	2131.019584
1.75	1988.531970	1726.330196	2369.141059	2124.605884
1.76	1984.610788	1719.556281	2364.014670	2116.612643
1.77	1980.714652	1712.904871	2358.899301	2108.645191
1.78	1976.826531	1706.358839	2353.812985	2100.702906
1.79	1972.951434	1699.411581	2348.737690	2089.659178
1.80	1969.097375	1692.740453	2343.689444	2083.286378
1.81	1965.249327	1686.092901	2338.658229	2075.418091
1.82	1961.424322	1678.162579	2333.646049	2069.167973
1.83	1957.597313	1672.860311	2328.650901	2061.338605
1.84	1953.791342	1666.274293	2323.681800	2051.937824
1.85	1950.001401	1659.728922	2318.722717	2045.752048
1.86	1946.211459	1651.576615	2313.795693	2038.009640
1.87	1942.448568	1645.066858	2308.876684	2028.655259
1.88	1938.684674	1640.179958	2303.968695	2019.413462
1.89	1934.945826	1633.705866	2299.099777	2013.259746
1.90	1931.210986	1625.638587	2294.235869	2007.194594
1.91	1927.492175	1619.195838	2289.398009	1999.541967
1.92	1923.788391	1613.163528	2284.560148	1991.924188
1.93	1920.087613	1609.698370	2279.755348	1982.712059
1.94	1916.398857	1603.333738	2274.964574	1973.591199
1.95	1912.736149	1593.673570	2270.206860	1967.550244
1.96	1909.078450	1587.343675	2265.448144	1961.063338
1.97	1905.427764	1581.022498	2260.716478	1952.482313
1.98	1901.788098	1576.374772	2255.993829	1944.984751
1.99	1898.177485	1568.473433	2251.303238	1937.514194
2.00	1894.559859	1563.850697	2246.611645	1931.657130
2.01	1890.970285	1557.625283	2241.947102	1922.596252
2.02	1887.368688	1549.768514	2237.293579	1913.629567
2.03	1883.793140	1543.566775	2232.667105	1907.507211
2.04	1880.236626	1537.390634	2228.052654	1900.391643
2.05	1876.684119	1531.236626	2223.467256	1893.976720
2.06	1873.131613	1525.111215	2218.872841	1885.676357
2.07	1869.606156	1518.980290	2214.319502	1878.351244
2.08	1866.089716	1512.884923	2209.772173	1871.041802
2.09	1862.580288	1508.472282	2205.223843	1863.756405
2.10	1859.083884	1500.745249	2200.719593	1855.293571
2.11	1855.608519	1493.080815	2196.212338	1849.228843
2.12	1852.135158	1487.049219	2191.740147	1841.993988
2.13	1848.660794	1481.888342	2187.271964	1834.787416
2.14	1845.214483	1478.368825	2182.822815	1826.037156
2.15	1841.768171	1472.387791	2178.387692	1819.991407
2.16	1838.346905	1464.740348	2173.968599	1813.257557
2.17	1834.926640	1457.188907	2169.556518	1804.540821
2.18	1831.506376	1451.255119	2165.166477	1797.428890
2.19	1828.113161	1446.986042	2160.804488	1790.318915
2.20	1824.718945	1440.282243	2156.440496	1783.786477
